image: map05piso5.pgm
resolution: 0.050000
origin: [-15.200000, -26.400000, 0.000000]
negate: 0
occupied_thresh: 0.65
free_thresh: 0.196

